 - corners: [[5.5, 9.1], [6.65, 9.1], [6.65, 8.9], [5.5, 8.85]]
   approach: [[6.1, 9.6, -1.3734], [6.05, 8.35, 1.5708]]
 - corners: [[5.55, 14.6], [7.65, 14.65], [7.65, 14.4], [5.6, 14.3]]
   approach: [[6.5, 15.35, -1.40564], [6.9, 13.45, 1.96559]]
